parentID=26298
pattern
numObjects=132
26485
26492
26503
26510
26517
26524
26531
26540
26549
26558
26478
26237
26243
26249
26255
26261
26267
26273
26279
26285
26291
26231
26650
26657
26668
26675
26682
26689
26696
26705
26714
26723
26643
26740
26747
26758
26765
26772
26779
26786
26795
26804
26813
26733
26830
26837
26848
26855
26862
26869
26876
26885
26894
26903
26823
26920
26927
26938
26945
26952
26959
26966
26975
26984
26993
26913
27010
27017
27028
27035
27042
27049
27056
27065
27074
27083
27003
27100
27107
27118
27125
27132
27139
27146
27155
27164
27173
27093
27190
27197
27208
27215
27222
27229
27236
27245
27254
27263
27183
27280
27287
27298
27305
27312
27319
27326
27335
27344
27353
27273
27370
27377
27388
27395
27402
27409
27416
27425
27434
27443
27363
27460
27467
27478
27485
27492
27499
27506
27515
27524
27533
27453