parentID=28898
numObjects=311
28402
28401
28403
28404
28405
28406
28407
28408
28409
28410
28411
28412
28413
28414
28415
28416
28417
28418
28419
28420
28421
28422
28423
28424
28425
28426
28427
28428
28429
28430
28431
28432
28389
28388
28387
28386
28385
28380
28381
28382
28383
28384
28375
28376
28377
28378
28379
28370
28371
28372
28373
28374
28365
28366
28367
28368
28369
28360
28361
28362
28363
28364
28355
28356
28357
28358
28359
28350
28351
28353
28352
28354
28345
28346
28347
28348
28349
28340
28341
28342
28343
28344
28335
28336
28337
28338
28339
28330
28332
28331
28333
28334
28325
28326
28327
28328
28329
28320
28322
28321
28323
28324
28316
28315
28317
28318
28319
28311
28312
28313
28303
28302
28301
28300
28295
28296
28297
28298
28299
28290
28291
28292
28293
28294
28285
28286
28287
28288
28289
28280
28281
28282
28283
28284
28275
28276
28277
28278
28279
28270
28271
28272
28273
28274
28265
28266
28267
28268
28269
28260
28261
28262
28263
28264
28255
28256
28257
28258
28259
28250
28251
28253
28252
28254
28245
28246
28247
28248
28249
28240
28241
28242
28243
28244
28235
28236
28237
28238
28239
28230
28231
28232
28233
28234
28225
28226
28227
28228
28229
28220
28221
28222
28223
28224
28215
28216
28218
28217
28219
28210
28211
28212
28213
28214
28205
28206
28207
28208
28209
28200
28201
28202
28203
28204
28195
28196
28197
28198
28199
28190
28191
28192
28193
28194
28185
28186
28187
28188
28189
28180
28181
28182
28183
28184
28175
28176
28177
28178
28179
28170
28171
28172
28173
28174
28165
28166
28167
28168
28169
28160
28161
28162
28163
28164
28155
28156
28157
28158
28159
28151
28150
28152
28153
28154
28145
28146
28147
28148
28149
28140
28141
28142
28143
28144
28135
28136
28137
28138
28139
28130
28131
28132
28133
28134
28125
28126
28127
28128
28129
28120
28121
28122
28124
28123
28116
28115
28117
28118
28119
28110
28111
28112
28113
28114
28105
28106
28107
28108
28109
28104
28102