parentID=30174
pattern
numObjects=128
30148
30149
30199
30252
30251
30250
30264
30487
30505
30510
30676
30678
30679
30934
30935
31073
31233
31417
31399
31489
31507
31520
31521
31522
31523
31524
31528
31600
31617
31640
32085
32118
32239
32241
32242
32291
32347
32348
32365
32366
32367
32368
32369
32370
32372
32373
32374
32375
32378
32379
32643
32845
32850
32887
32880
32882
32884
32886
32889
32891
32893
32896
32428
32430
32454
32600
32643
32845
32850
32880
32882
32884
32886
32887
32889
32891
32893
32896
33001
33011
32529
33261
33262
33440
33449
32371
33650
33651
33760
33780
33800
33809
33829
33841
33921
33922
33977
33978
34000
34001
34002
34003
34034
34037
34046
34051
34067
34068
34081
34082
34073
34180
34181
34182
34183
34184
34185
34186
34192
34295
34296
34300
34301
34302
34328
34327
34329
34261