parentID=30175
pattern
numObjects=88
30150
30151
30198
1036
1051
1052
30262
30455
30504
6787
13575
30594
30599
30930
30931
30658
31229
31416
31398
31488
31505
31515
31516
31517
31518
31519
31527
31599
31615
31639
32084
32117
32238
7422
7428
32292
32345
32346
11707
11597
11596
11595
11598
11639
11648
11642
11647
11635
7200
4841
32629
32642
32843
32849
32867
32879
32881
32883
32885
32888
32890
32892
32894
32426
32429
32455
32602
32629
32642
32843
32849
32879
32881
32883
32885
32867
32888
32890
32892
32894
32999
33010
32527
716
715
33439
33448
11654