parentID=32203
numObjects=147
32201
14504
14505
14506
14503
14502
14175
13613
13464
11858
11533
10603
10602
10601
10600
10599
10598
7669
10562
6504
10561
570
10556
10539
10101
10089
10023
9069
9068
9067
25067
8764
8599
8584
8540
8512
8252
6952
6950
6948
6946
6944
6814
6501
14313
4791
4787
4647
10082
4495
13383
4479
4480
4490
4494
4491
4492
4493
4477
3370
2873
2877
2862
2868
2198
2187
1880
1471
1355
1307
1356
1285
1251
1242
1175
1121
803
275
278
272
276
273
274
253
25024
25017
25027
25085
277
25671
25669
25655
25654
25653
25710
35047
35048
35052
35053
25652
4790
10565
10559
266
267
265
271
1469
268
269
25651
4858
6956
6957
1302
25675
4476
4501
2872
25084
25083
6949
4734
25023
25646
10563
802
10540
264
25016
6951
10564
10560
6947
3361
270
8779
30095
6945
25666
6943
2783
11940
25650
1289
25028
25709
