parentID=33431
pattern
numObjects=96
8870
886
885
8794
8792
8329
8327
8035
7966
7965
7964
7963
7942
7940
7939
7938
7792
7076
7075
7019
6964
6963
6962
6658
6657
6655
6653
6640
6639
3268
3267
3266
31685
31684
31660
31659
30547
30546
1914
1913
1911
1910
1908
1907
1884
1883
113
111
10138
10130
10129
10027
10026
10025
10024
4439
9092
9091
9090
887
8869
8793
8328
7960
7959
7941
7937
7791
6656
6654
6638
4438
31693
31668
30555
1915
1912
1909
1885
112
25727
25726
25725
8696
8698
8697
6967
6966
6965
4440
33436
33437
33438
33445
33446
33447