parentID=34203
probSet
numObjects=31
34204 0.032258
34205 0.032258
34206 0.032258
34207 0.032258
34208 0.032258
34209 0.032258
34210 0.032258
34211 0.032258
34212 0.032258
34213 0.032258
34214 0.032258
34215 0.032258
34216 0.032258
34217 0.032258
34218 0.032258
34219 0.032258
34220 0.032258
34221 0.032258
34222 0.032258
34223 0.032258
34224 0.032258
34225 0.032258
34227 0.032258
34228 0.032258
34229 0.032258
34230 0.032258
34231 0.032258
34238 0.032258
34239 0.032258
34241 0.032258
34242 0.032258