parentID=34625
numObjects=219
34310
34311
11902
32302
32303
32304
32305
7020
7022
12055
12056
12068
12069
30553
30554
31666
31667
31691
31692
6919
7907
7912
7913
8400
8401
8402
8403
8404
8405
8406
8407
8408
8409
8410
8411
8412
8413
8414
8415
8416
8417
8419
8420
8154
8155
8156
8157
8202
8204
8203
8205
34309
6701
28661
31353
31363
11104
30362
30357
8512
7594
6957
6956
6954
6814
6812
6811
6505
34588
34178
34175
34173
34172
34171
34092
34084
33473
33472
33236
33235
33234
30433
30270
30267
30207
30205
2873
2872
2871
2863
2859
2858
25075
25073
25034
25033
2201
2200
2193
2189
2188
2187
1879
1474
1473
1468
13971
10558
10557
25655
25610
25656
25654
25671
25670
11885
8842
2819
11846
13983
14313
14119
33920
10603
13979
30933
25710
25611
25669
25668
10573
10535
25086
6501
32528
32530
25652
25649
25651
25648
25083
25650
25647
25709
7925
33917
10574
10537
25657
14635
32541
30951
2818
32540
25653
13968
34589
10564
10565
10563
2861
2860
34174
30271
2892
25074
803
802
6952
6951
6950
6949
6948
6947
6946
6945
6944
6943
4791
4790
3370
3369
3361
278
277
276
275
274
273
272
271
270
269
268
267
266
265
33611
11510
13987
13993
11512
13998
11511
10599
10598
10600
10602
10539
10601
25667
14002
34979
34980
34981
34982
34983
34984
34985