parentID=34743
probSet
numObjects=40
14210 0.025000
14198 0.025000
30855 0.025000
30856 0.025000
32166 0.025000
25800 0.025000
13423 0.025000
32326 0.025000
8149 0.025000
30852 0.025000
32167 0.025000
32170 0.025000
32171 0.025000
32172 0.025000
12150 0.025000
31952 0.025000
31968 0.025000
33779 0.025000
32516 0.025000
27630 0.025000
27909 0.025000
10766 0.025000
10809 0.025000
10808 0.025000
10806 0.025000
32196 0.025000
32194 0.025000
28477 0.025000
28478 0.025000
28482 0.025000
29099 0.025000
30242 0.025000
30244 0.025000
7727 0.025000
7726 0.025000
7725 0.025000
6846 0.025000
28479 0.025000
28480 0.025000
33784 0.025000