parentID=619
numObjects=194
190
189
191
62
183
61
96
139
144
521
416
606
605
497
498
860
847
859
851
863
1037
1053
1054
1015
1016
1039
1024
1031
1040
1025
1026
1041
1032
1337
1350
1362
1361
1379
1119
2099
2144
852
6779
7831
7832
7829
7830
11961
207
14571
14415
2546
30846
30845
30843
30841
31023
31024
31032
32076
6936
564
13483
135
426
2504
7779
2539
34
2538
2537
13497
13920
3010
2515
30660
13659
4854
1487
66
12030
146
128
2109
4542
181
1262
789
425
4734
11564
286
948
2178
7858
2824
11907
198
8321
556
1617
2548
4857
2886
10469
674
4794
4717
1147
1199
1212
956
955
952
957
960
959
961
962
947
963
965
966
969
968
953
970
972
971
973
958
951
949
967
974
975
976
1891
1890
32239
32238
729
31516
31517
28752
28516
28515
28510
28509
28717
31519
34112
34176
34191
31527
25677
25680
32851
765
32455
32429
31518
32426
32892
32894
32888
32867
31515
31599
32890
27636
27727
27774
27915
27821
27868
4563
31615
33661
7287
667
7376
1342
569
715
716
31621
11575
2601
8343
711
11841
1141
30658