id=27627
type=0,randStartPhase=0
forceZeroStart=0
numSounds=0
numSprites=17
numSlots=0
offset=(0.000000,-83.478261)
startPause=0.500000
animParam=0.250000 24.000000 0.000000 0.090000 93.333333 0.000000 (0.000000,0.000000) 1.000000 0.000000 0.250000 0.145833 0.000000 1.000000 0.000000 0.090000 0.500000 0.000000 1.000000 0.550000
offset=(27.000000,-70.500000)
startPause=0.000000
animParam=0.250000 48.000000 0.000000 0.100000 93.333333 0.000000 (0.000000,0.000000) 1.000000 0.000000 0.250000 0.145833 0.000000 1.000000 0.000000 0.100000 0.500000 0.000000 1.000000 0.550000
offset=(0.000000,-50.000000)
startPause=0.700000
animParam=0.250000 13.333333 0.000000 0.110000 93.333333 0.000000 (0.000000,0.000000) 1.000000 0.000000 0.250000 0.145833 0.000000 1.000000 0.000000 0.110000 0.500000 0.000000 1.000000 0.550000
offset=(0.000000,-100.000000)
startPause=0.680000
animParam=0.250000 36.000000 0.000000 0.120000 93.333333 0.000000 (0.000000,0.000000) 1.000000 0.000000 0.250000 0.114583 0.000000 1.000000 0.000000 0.120000 0.500000 0.000000 1.000000 0.550000
offset=(0.000000,-50.000000)
startPause=0.500000
animParam=0.250000 13.333333 0.000000 0.105000 118.000000 0.000000 (0.000000,0.000000) 1.000000 0.000000 0.250000 0.145833 0.000000 1.000000 0.000000 0.105000 0.500000 0.000000 1.000000 0.550000
offset=(27.000000,-70.500000)
startPause=0.200000
animParam=0.250000 48.000000 0.000000 0.100000 93.333333 0.000000 (0.000000,0.000000) 1.000000 0.000000 0.250000 0.145833 0.000000 1.000000 0.000000 0.100000 0.500000 0.000000 1.000000 0.550000
offset=(0.000000,-83.478261)
startPause=0.150000
animParam=0.250000 13.333333 0.000000 0.095000 93.300003 0.000000 (0.000000,0.000000) 1.000000 0.000000 0.250000 0.145833 0.000000 1.000000 0.000000 0.095000 0.500000 0.000000 1.000000 0.550000
offset=(0.000000,0.000000)
startPause=0.000000
animParam=0.000000 0.000000 0.000000 0.000000 0.000000 0.000000 (0.000000,0.000000) 0.000000 0.000000 0.000000 0.000000 0.000000 1.000000 0.000000 0.000000 0.000000 0.000000 1.000000 0.000000
offset=(0.000000,-50.000000)
startPause=0.500000
animParam=0.250000 13.333333 0.000000 0.105000 152.000000 0.000000 (0.000000,0.000000) 1.000000 0.000000 0.250000 0.145833 0.000000 1.000000 0.000000 0.105000 0.500000 0.000000 1.000000 0.550000
offset=(0.000000,-50.000000)
startPause=0.250000
animParam=0.250000 13.333333 0.000000 0.100000 93.333333 0.000000 (0.000000,0.000000) 1.000000 0.000000 0.250000 0.145833 0.000000 1.000000 0.000000 0.100000 0.500000 0.000000 1.000000 0.550000
offset=(0.000000,-70.000000)
startPause=0.250000
animParam=0.750000 13.300000 0.000000 0.100000 93.333333 0.000000 (0.000000,0.000000) 1.000000 0.000000 0.250000 0.145833 0.000000 1.000000 0.000000 0.100000 0.500000 0.000000 1.000000 0.550000
offset=(0.000000,0.000000)
startPause=0.000000
animParam=0.000000 0.000000 0.000000 0.000000 0.000000 0.000000 (0.000000,0.000000) 0.000000 0.000000 0.000000 0.000000 0.000000 1.000000 0.000000 0.000000 0.000000 0.000000 1.000000 0.000000
offset=(0.000000,0.000000)
startPause=0.000000
animParam=0.000000 0.000000 0.000000 0.000000 0.000000 0.000000 (0.000000,0.000000) 0.000000 0.000000 0.000000 0.000000 0.000000 1.000000 0.000000 0.000000 0.000000 0.000000 1.000000 0.000000
offset=(0.000000,0.000000)
startPause=0.000000
animParam=0.000000 0.000000 0.000000 0.000000 0.000000 0.000000 (0.000000,0.000000) 0.000000 0.000000 0.000000 0.000000 0.000000 1.000000 0.000000 0.000000 0.000000 0.000000 1.000000 0.000000
offset=(0.000000,0.000000)
startPause=0.000000
animParam=0.000000 0.000000 0.000000 0.000000 0.000000 0.000000 (0.000000,0.000000) 0.000000 0.000000 0.000000 0.000000 0.000000 1.000000 0.000000 0.000000 0.000000 0.000000 1.000000 0.000000
offset=(0.000000,0.000000)
startPause=0.000000
animParam=0.000000 0.000000 0.000000 0.000000 0.000000 0.000000 (0.000000,0.000000) 0.000000 0.000000 0.000000 0.000000 0.000000 1.000000 0.000000 0.000000 0.000000 0.000000 1.000000 0.000000
offset=(0.000000,0.000000)
startPause=0.000000
animParam=0.000000 0.000000 0.000000 0.000000 0.000000 0.000000 (0.000000,0.000000) 0.000000 0.000000 0.000000 0.000000 0.000000 1.000000 0.000000 0.000000 0.000000 0.000000 1.000000 0.000000