id=30069
type=1,randStartPhase=0
forceZeroStart=0
numSounds=0
numSprites=9
numSlots=0
offset=(0.000000,0.000000)
startPause=0.000000
animParam=0.000000 0.000000 0.000000 0.000000 0.000000 0.000000 (0.000000,0.000000) 0.000000 0.000000 0.000000 0.000000 0.000000 1.000000 0.000000 0.000000 0.000000 0.000000 1.000000 0.000000
offset=(0.000000,0.000000)
startPause=0.000000
animParam=0.000000 0.000000 0.000000 0.000000 0.000000 0.000000 (0.000000,0.000000) 0.000000 0.000000 0.000000 0.000000 0.000000 1.000000 0.000000 0.000000 0.000000 0.000000 1.000000 0.000000
offset=(0.000000,0.000000)
startPause=0.000000
animParam=0.000000 0.000000 0.000000 0.000000 0.000000 0.000000 (0.000000,0.000000) 0.000000 0.000000 0.000000 0.000000 0.000000 1.000000 0.000000 0.000000 0.000000 0.000000 1.000000 0.000000
offset=(0.000000,0.000000)
startPause=0.000000
animParam=0.000000 0.000000 0.000000 0.000000 0.000000 0.000000 (0.000000,0.000000) 0.000000 0.000000 0.000000 0.000000 0.000000 1.000000 0.000000 0.000000 0.000000 0.000000 1.000000 0.000000
offset=(0.000000,10.000000)
startPause=0.000000
animParam=0.000000 0.000000 0.000000 2.000000 10.000000 0.666000 (-3.000000,1.000000) 2.000000 0.666000 0.000000 0.000000 0.000000 1.000000 0.000000 2.000000 0.000000 0.000000 0.750000 0.666000
offset=(0.000000,10.000000)
startPause=0.000000
animParam=0.000000 0.000000 0.000000 2.000000 10.000000 0.333000 (-2.000000,-1.000000) 2.000000 0.333000 0.000000 0.000000 0.000000 1.000000 0.000000 2.000000 0.000000 0.000000 0.750000 0.333000
offset=(0.000000,10.000000)
startPause=0.000000
animParam=0.000000 0.000000 0.000000 2.000000 10.000000 0.000000 (-3.000000,-1.000000) 2.000000 0.000000 0.000000 0.000000 0.000000 1.000000 0.000000 2.000000 0.000000 0.000000 0.750000 0.000000
offset=(0.000000,0.000000)
startPause=0.000000
animParam=0.000000 0.000000 0.000000 0.000000 0.000000 0.000000 (0.000000,0.000000) 0.000000 0.000000 0.000000 0.000000 0.000000 1.000000 0.000000 0.000000 0.000000 0.000000 1.000000 0.000000
offset=(0.000000,0.000000)
startPause=0.000000
animParam=0.000000 0.000000 0.000000 0.000000 0.000000 0.000000 (0.000000,0.000000) 0.000000 0.000000 0.000000 0.000000 0.000000 1.000000 0.000000 0.000000 0.000000 0.000000 1.000000 0.000000