id=30850
type=2,randStartPhase=0
forceZeroStart=0
numSounds=0
numSprites=10
numSlots=0
offset=(0.000000,0.000000)
startPause=0.000000
animParam=0.000000 0.000000 0.000000 0.000000 0.000000 0.000000 (0.000000,0.000000) 0.000000 0.000000 0.000000 0.000000 0.000000 1.000000 0.000000 0.000000 0.000000 0.000000 1.000000 0.000000
offset=(-11.130435,27.826087)
startPause=0.000000
animParam=0.166667 37.299999 0.000000 0.250000 18.700001 0.000000 (-30.000000,-10.000000) 0.000000 0.000000 0.250000 0.052083 0.000000 1.000000 0.000000 0.333333 0.000000 0.000000 1.000000 0.000000
offset=(0.000000,0.000000)
startPause=0.000000
animParam=0.000000 0.000000 0.000000 1.333000 0.100000 0.000000 (0.000000,0.000000) 0.000000 0.000000 0.000000 0.000000 0.000000 1.000000 0.000000 0.000000 0.000000 0.000000 1.000000 0.000000
offset=(0.000000,0.000000)
startPause=0.000000
animParam=0.000000 0.000000 0.000000 1.333000 0.200000 0.260417 (0.000000,0.000000) 0.000000 0.000000 0.000000 0.000000 0.000000 1.000000 0.000000 0.000000 0.000000 0.000000 1.000000 0.000000
offset=(-11.130435,27.826087)
startPause=0.000000
animParam=0.083333 18.666667 0.000000 0.583333 8.000000 0.000000 (-30.000000,20.000000) 0.000000 0.000000 0.416667 0.072917 0.000000 1.000000 0.000000 0.333000 0.000000 0.000000 1.000000 0.354167
offset=(0.000000,0.000000)
startPause=0.000000
animParam=0.000000 0.000000 0.000000 0.000000 0.000000 0.000000 (0.000000,0.000000) 0.000000 0.000000 0.000000 0.000000 0.000000 1.000000 0.000000 0.000000 0.000000 0.000000 1.000000 0.000000
offset=(0.000000,0.000000)
startPause=0.000000
animParam=0.000000 0.000000 0.000000 1.333000 0.100000 0.000000 (0.000000,0.000000) 0.000000 0.000000 0.000000 0.000000 0.000000 1.000000 0.000000 0.000000 0.000000 0.000000 1.000000 0.000000
offset=(0.000000,0.000000)
startPause=0.000000
animParam=0.000000 0.000000 0.000000 0.000000 0.000000 0.000000 (0.000000,0.000000) 0.000000 0.000000 0.000000 0.000000 0.000000 1.000000 0.000000 0.000000 0.000000 0.000000 1.000000 0.000000
offset=(0.000000,0.000000)
startPause=0.000000
animParam=0.000000 0.000000 0.000000 0.000000 0.000000 0.000000 (0.000000,0.000000) 0.000000 0.000000 0.000000 0.000000 0.000000 1.000000 0.000000 0.000000 0.000000 0.000000 1.000000 0.000000
offset=(-20.000000,22.000000)
startPause=0.000000
animParam=0.166667 37.299999 0.000000 0.250000 18.700001 0.000000 (-30.000000,20.000000) 0.000000 0.000000 0.250000 0.145833 0.000000 1.000000 0.000000 0.333000 0.000000 0.000000 1.000000 0.552000