id=32515
type=0,randStartPhase=0
forceZeroStart=0
numSounds=0
numSprites=2
numSlots=0
offset=(0.000000,0.000000)
startPause=0.000000
animParam=0.000000 0.000000 0.000000 0.000000 0.000000 0.000000 (0.000000,0.000000) 0.000000 0.000000 0.000000 0.000000 0.000000 1.000000 0.000000 0.000000 0.000000 1.000000 0.000000 0.000000
offset=(20.000000,-12.000000)
startPause=0.000000
animParam=0.000000 0.000000 0.000000 0.000000 0.000000 0.000000 (0.000000,0.000000) 0.000000 0.240000 0.000000 0.000000 0.000000 1.000000 0.000000 0.000000 0.000000 0.233000 1.000000 0.000000