id=32968
type=0,randStartPhase=0
forceZeroStart=0
numSounds=4
soundParam=78:0.250000 1.200000 0.222000 -1.000000 -1.000000 0
soundParam=373:0.250000 1.000000 0.000000 -1.000000 -1.000000 0
soundParam=373:0.408333 1.000000 0.444000 -1.000000 -1.000000 0
soundParam=341:0.291667 2.000000 0.666000 -1.000000 -1.000000 0
numSprites=37
numSlots=0
offset=(0.000000,0.000000)
startPause=0.000000
animParam=3.000000 2.000000 0.000000 3.000000 2.000000 0.333000 (0.000000,0.000000) 0.000000 0.000000 0.000000 0.000000 0.000000 2.500000 2.000000 0.000000 0.000000 0.000000 1.000000 0.000000
offset=(0.000000,0.000000)
startPause=0.000000
animParam=3.000000 2.000000 0.000000 3.000000 2.000000 0.333000 (0.000000,0.000000) 0.000000 0.000000 0.000000 0.000000 0.000000 2.500000 2.000000 0.000000 0.000000 0.000000 1.000000 0.000000
offset=(0.000000,0.000000)
startPause=0.000000
animParam=3.000000 2.000000 0.000000 3.000000 2.000000 0.333000 (0.000000,0.000000) 0.000000 0.000000 0.000000 0.000000 0.000000 2.500000 2.000000 0.000000 0.000000 0.000000 1.000000 0.000000
offset=(0.000000,0.000000)
startPause=0.000000
animParam=3.000000 2.000000 0.000000 3.000000 2.000000 0.333000 (0.000000,0.000000) 0.000000 0.000000 0.000000 0.000000 0.000000 2.500000 2.000000 0.000000 0.000000 0.000000 1.000000 0.000000
offset=(0.000000,0.000000)
startPause=0.000000
animParam=3.000000 2.000000 0.000000 3.000000 2.000000 0.333000 (0.000000,0.000000) 0.000000 0.000000 0.000000 0.000000 0.000000 2.500000 2.000000 0.000000 0.000000 0.000000 1.000000 0.000000
offset=(0.000000,0.000000)
startPause=0.000000
animParam=3.000000 2.000000 0.000000 3.000000 2.000000 0.333000 (0.000000,0.000000) 0.000000 0.000000 0.000000 0.000000 0.000000 2.500000 2.000000 0.000000 0.000000 0.000000 1.000000 0.000000
offset=(0.000000,0.000000)
startPause=0.000000
animParam=3.000000 2.000000 0.000000 3.000000 2.000000 0.333000 (0.000000,0.000000) 0.000000 0.000000 0.000000 0.000000 0.000000 2.500000 2.000000 0.000000 0.000000 0.000000 1.000000 0.000000
offset=(0.000000,0.000000)
startPause=0.000000
animParam=3.000000 2.000000 0.000000 3.000000 2.000000 0.333000 (0.000000,0.000000) 0.000000 0.000000 0.000000 0.000000 0.000000 2.500000 2.000000 0.000000 0.000000 0.000000 1.000000 0.000000
offset=(0.000000,0.000000)
startPause=0.000000
animParam=3.000000 2.000000 0.000000 3.000000 2.000000 0.333000 (0.000000,0.000000) 0.000000 0.000000 0.000000 0.000000 0.000000 2.500000 2.000000 0.000000 0.000000 0.000000 1.000000 0.000000
offset=(0.000000,0.000000)
startPause=0.000000
animParam=3.000000 2.000000 0.000000 3.000000 2.000000 0.333000 (0.000000,0.000000) 0.000000 0.000000 0.000000 0.000000 0.000000 2.500000 2.000000 0.000000 0.000000 0.000000 1.000000 0.000000
offset=(0.000000,0.000000)
startPause=0.000000
animParam=3.000000 2.000000 0.000000 3.000000 2.000000 0.333000 (0.000000,0.000000) 0.000000 0.000000 0.000000 0.000000 0.000000 2.500000 2.000000 0.000000 0.000000 0.000000 1.000000 0.000000
offset=(0.000000,0.000000)
startPause=0.000000
animParam=3.000000 2.000000 0.000000 3.000000 2.000000 0.333000 (0.000000,0.000000) 0.000000 0.000000 0.000000 0.000000 0.000000 2.500000 2.000000 0.000000 0.000000 0.000000 1.000000 0.000000
offset=(0.000000,0.000000)
startPause=0.000000
animParam=3.000000 2.000000 0.000000 3.000000 2.000000 0.333000 (0.000000,0.000000) 0.000000 0.000000 0.000000 0.000000 0.000000 2.500000 2.000000 0.000000 0.000000 0.000000 1.000000 0.000000
offset=(0.000000,0.000000)
startPause=0.000000
animParam=3.000000 2.000000 0.000000 3.000000 2.000000 0.333000 (0.000000,0.000000) 0.000000 0.000000 0.000000 0.000000 0.000000 2.500000 2.000000 0.000000 0.000000 0.000000 1.000000 0.000000
offset=(0.000000,0.000000)
startPause=0.000000
animParam=3.000000 2.000000 0.000000 3.000000 2.000000 0.333000 (0.000000,0.000000) 0.000000 0.000000 0.000000 0.000000 0.000000 2.500000 2.000000 0.000000 0.000000 0.000000 1.000000 0.000000
offset=(0.000000,0.000000)
startPause=0.000000
animParam=3.000000 2.000000 0.000000 3.000000 2.000000 0.333000 (0.000000,0.000000) 0.000000 0.000000 0.000000 0.000000 0.000000 2.500000 2.000000 0.000000 0.000000 0.000000 1.000000 0.000000
offset=(0.000000,0.000000)
startPause=0.000000
animParam=3.000000 2.000000 0.000000 3.000000 2.000000 0.333000 (0.000000,0.000000) 0.000000 0.000000 0.000000 0.000000 0.000000 2.500000 2.000000 0.000000 0.000000 0.000000 1.000000 0.000000
offset=(0.000000,0.000000)
startPause=0.000000
animParam=3.000000 2.000000 0.000000 3.000000 2.000000 0.333000 (0.000000,0.000000) 0.000000 0.000000 0.000000 0.000000 0.000000 2.500000 2.000000 0.000000 0.000000 0.000000 1.000000 0.000000
offset=(0.000000,0.000000)
startPause=0.000000
animParam=3.000000 2.000000 0.000000 3.000000 2.000000 0.333000 (0.000000,0.000000) 0.000000 0.000000 0.000000 0.000000 0.000000 2.500000 2.000000 0.000000 0.000000 0.000000 1.000000 0.000000
offset=(0.000000,0.000000)
startPause=0.000000
animParam=3.000000 2.000000 0.000000 3.000000 2.000000 0.333000 (0.000000,0.000000) 0.000000 0.000000 0.000000 0.000000 0.000000 2.500000 2.000000 0.000000 0.000000 0.000000 1.000000 0.000000
offset=(0.000000,0.000000)
startPause=0.000000
animParam=3.000000 2.000000 0.000000 3.000000 2.000000 0.333000 (0.000000,0.000000) 0.000000 0.000000 0.000000 0.000000 0.000000 2.500000 2.000000 0.000000 0.000000 0.000000 1.000000 0.000000
offset=(0.000000,0.000000)
startPause=0.000000
animParam=3.000000 2.000000 0.000000 3.000000 2.000000 0.333000 (0.000000,0.000000) 0.000000 0.000000 0.000000 0.000000 0.000000 2.500000 2.000000 0.000000 0.000000 0.000000 1.000000 0.000000
offset=(0.000000,0.000000)
startPause=0.000000
animParam=3.000000 2.000000 0.000000 3.000000 2.000000 0.333000 (0.000000,0.000000) 0.000000 0.000000 0.000000 0.000000 0.000000 2.500000 2.000000 0.000000 0.000000 0.000000 1.000000 0.000000
offset=(0.000000,0.000000)
startPause=0.000000
animParam=3.000000 2.000000 0.000000 3.000000 2.000000 0.333000 (0.000000,0.000000) 0.000000 0.000000 0.000000 0.000000 0.000000 2.500000 2.000000 0.000000 0.000000 0.000000 1.000000 0.000000
offset=(0.000000,0.000000)
startPause=0.000000
animParam=3.000000 2.000000 0.000000 3.000000 2.000000 0.333000 (0.000000,0.000000) 0.000000 0.000000 0.000000 0.000000 0.000000 2.500000 2.000000 0.000000 0.000000 0.000000 1.000000 0.000000
offset=(0.000000,0.000000)
startPause=0.000000
animParam=3.000000 2.000000 0.000000 3.000000 2.000000 0.333000 (0.000000,0.000000) 0.000000 0.000000 0.000000 0.000000 0.000000 2.500000 2.000000 0.000000 0.000000 0.000000 1.000000 0.000000
offset=(0.000000,0.000000)
startPause=0.000000
animParam=3.000000 2.000000 0.000000 3.000000 2.000000 0.333000 (0.000000,0.000000) 0.000000 0.000000 0.000000 0.000000 0.000000 2.500000 2.000000 0.000000 0.000000 0.000000 1.000000 0.000000
offset=(0.000000,0.000000)
startPause=0.000000
animParam=3.000000 2.000000 0.000000 3.000000 2.000000 0.333000 (0.000000,0.000000) 0.000000 0.000000 0.000000 0.000000 0.000000 2.500000 2.000000 0.000000 0.000000 0.000000 1.000000 0.000000
offset=(0.000000,0.000000)
startPause=0.000000
animParam=3.000000 2.000000 0.000000 3.000000 2.000000 0.333000 (0.000000,0.000000) 0.000000 0.000000 0.000000 0.000000 0.000000 2.500000 2.000000 0.000000 0.000000 0.000000 1.000000 0.000000
offset=(0.000000,0.000000)
startPause=0.000000
animParam=3.000000 2.000000 0.000000 3.000000 2.000000 0.333000 (0.000000,0.000000) 0.000000 0.000000 0.000000 0.000000 0.000000 2.500000 2.000000 0.000000 0.000000 0.000000 1.000000 0.000000
offset=(0.000000,0.000000)
startPause=0.000000
animParam=3.000000 2.000000 0.000000 3.000000 2.000000 0.333000 (0.000000,0.000000) 0.000000 0.000000 0.000000 0.000000 0.000000 2.500000 2.000000 0.000000 0.000000 0.000000 1.000000 0.000000
offset=(0.000000,0.000000)
startPause=0.000000
animParam=3.000000 2.000000 0.000000 3.000000 2.000000 0.333000 (0.000000,0.000000) 0.000000 0.000000 0.000000 0.000000 0.000000 2.500000 2.000000 0.000000 0.000000 0.000000 1.000000 0.000000
offset=(0.000000,0.000000)
startPause=0.000000
animParam=3.000000 2.000000 0.000000 3.000000 2.000000 0.333000 (0.000000,0.000000) 0.000000 0.000000 0.000000 0.000000 0.000000 2.500000 2.000000 0.000000 0.000000 0.000000 1.000000 0.000000
offset=(0.000000,0.000000)
startPause=0.000000
animParam=3.000000 2.000000 0.000000 3.000000 2.000000 0.333000 (0.000000,0.000000) 0.000000 0.000000 0.000000 0.000000 0.000000 2.500000 2.000000 0.000000 0.000000 0.000000 1.000000 0.000000
offset=(0.000000,0.000000)
startPause=0.000000
animParam=3.000000 2.000000 0.000000 3.000000 2.000000 0.333000 (0.000000,0.000000) 0.000000 0.000000 0.000000 0.000000 0.000000 2.500000 2.000000 0.000000 0.000000 0.000000 1.000000 0.000000
offset=(0.000000,0.000000)
startPause=0.000000
animParam=3.000000 2.000000 0.000000 3.000000 2.000000 0.333000 (0.000000,0.000000) 0.000000 0.000000 0.000000 0.000000 0.000000 2.500000 2.000000 0.000000 0.000000 0.000000 1.000000 0.000000
offset=(0.000000,0.000000)
startPause=0.000000
animParam=3.000000 2.000000 0.000000 3.000000 2.000000 0.333000 (0.000000,0.000000) 0.000000 0.000000 0.000000 0.000000 0.000000 2.500000 2.000000 0.000000 0.000000 0.000000 1.000000 0.000000