id=33221
type=1,randStartPhase=0
forceZeroStart=0
numSounds=0
numSprites=7
numSlots=0
offset=(-26.299999,0.000000)
startPause=0.000000
animParam=0.210000 26.299999 0.266000 0.210000 13.300000 0.266000 (0.000000,0.000000) 0.550000 0.000000 0.000000 0.000000 0.000000 1.000000 0.000000 0.210000 0.000000 0.000000 1.000000 0.766000
offset=(-26.299999,0.000000)
startPause=0.000000
animParam=0.210000 26.299999 0.166000 0.210000 13.300000 0.666000 (0.000000,0.000000) 0.550000 0.000000 0.000000 0.000000 0.000000 1.000000 0.000000 0.210000 0.000000 0.000000 1.000000 0.666000
offset=(-26.299999,0.000000)
startPause=0.000000
animParam=0.210000 23.299999 0.000000 0.210000 10.300000 0.000000 (0.000000,0.000000) 0.550000 0.000000 0.000000 0.000000 0.000000 1.000000 0.000000 0.210000 0.000000 0.000000 1.000000 0.500000
offset=(0.000000,0.000000)
startPause=0.000000
animParam=0.000000 0.000000 0.000000 0.000000 0.000000 0.000000 (0.000000,0.000000) 0.000000 0.000000 0.000000 0.000000 0.000000 1.000000 0.000000 0.000000 0.000000 0.000000 1.000000 0.000000
offset=(0.000000,0.000000)
startPause=0.000000
animParam=0.000000 0.000000 0.000000 0.000000 0.000000 0.000000 (0.000000,0.000000) 0.000000 0.000000 0.000000 0.000000 0.000000 1.000000 0.000000 0.000000 0.000000 0.000000 1.000000 0.000000
offset=(0.000000,0.000000)
startPause=0.000000
animParam=0.000000 0.000000 0.000000 0.000000 0.000000 0.000000 (0.000000,0.000000) 0.000000 0.000000 0.000000 0.000000 0.000000 1.000000 0.000000 0.000000 0.000000 0.000000 1.000000 0.000000
offset=(0.000000,0.000000)
startPause=0.000000
animParam=0.000000 0.000000 0.000000 0.000000 0.000000 0.000000 (0.000000,0.000000) 0.000000 0.000000 0.000000 0.000000 0.000000 1.000000 0.000000 0.000000 0.000000 0.000000 1.000000 0.000000