id=34925
type=0,randStartPhase=0
forceZeroStart=0
numSounds=0
numSprites=14
numSlots=0
offset=(0.000000,0.000000)
startPause=0.000000
animParam=0.000000 0.000000 0.000000 0.000000 0.000000 0.000000 (0.000000,0.000000) 0.000000 0.000000 0.000000 0.000000 0.000000 1.000000 0.000000 0.000000 0.000000 0.000000 1.000000 0.000000
offset=(0.000000,0.000000)
startPause=0.000000
animParam=0.000000 0.000000 0.000000 0.000000 0.000000 0.000000 (0.000000,0.000000) 0.000000 0.000000 0.000000 0.000000 0.000000 1.000000 0.000000 0.000000 0.000000 0.000000 1.000000 0.000000
offset=(0.000000,0.000000)
startPause=0.000000
animParam=0.000000 0.000000 0.000000 0.000000 0.000000 0.000000 (0.000000,0.000000) 0.000000 0.000000 0.000000 0.000000 0.000000 1.000000 0.000000 0.000000 0.000000 0.000000 1.000000 0.000000
offset=(0.000000,0.000000)
startPause=0.000000
animParam=0.000000 0.000000 0.000000 0.000000 0.000000 0.000000 (0.000000,0.000000) 0.000000 0.000000 0.000000 0.000000 0.000000 1.000000 0.000000 0.000000 0.000000 0.000000 1.000000 0.000000
offset=(0.000000,0.000000)
startPause=0.000000
animParam=0.000000 0.000000 0.000000 0.000000 0.000000 0.000000 (0.000000,0.000000) 0.000000 0.000000 0.000000 0.000000 0.000000 1.000000 0.000000 0.000000 0.000000 0.000000 1.000000 0.000000
offset=(0.000000,0.000000)
startPause=0.000000
animParam=0.000000 0.000000 0.000000 0.000000 0.000000 0.000000 (0.000000,0.000000) 0.000000 0.000000 0.000000 0.000000 0.000000 1.000000 0.000000 0.000000 0.000000 0.000000 1.000000 0.000000
offset=(0.000000,0.000000)
startPause=0.000000
animParam=0.000000 0.000000 0.000000 0.000000 0.000000 0.000000 (0.000000,0.000000) 0.000000 0.000000 0.000000 0.000000 0.000000 1.000000 0.000000 0.000000 0.000000 0.000000 1.000000 0.000000
offset=(0.000000,0.000000)
startPause=0.000000
animParam=0.000000 0.000000 0.000000 0.000000 0.000000 0.000000 (0.000000,0.000000) 0.000000 0.000000 0.000000 0.000000 0.000000 1.000000 0.000000 0.000000 0.000000 0.000000 1.000000 0.000000
offset=(0.000000,0.000000)
startPause=0.000000
animParam=0.000000 0.000000 0.000000 0.000000 0.000000 0.000000 (0.000000,0.000000) 0.000000 0.000000 0.000000 0.000000 0.000000 1.000000 0.000000 0.000000 0.000000 0.000000 1.000000 0.000000
offset=(0.000000,0.000000)
startPause=0.000000
animParam=0.121000 10.333333 0.092448 0.156250 10.333333 0.040365 (0.000000,0.000000) 0.120000 0.000000 0.000000 0.000000 0.000000 1.000000 0.000000 0.272000 0.000000 0.582031 1.000000 0.571615
offset=(0.000000,0.000000)
startPause=0.000000
animParam=0.078000 10.333333 0.227865 0.156250 10.333333 0.582031 (0.000000,0.000000) -0.120000 -0.000000 0.000000 0.000000 0.000000 1.000000 0.000000 0.322917 0.000000 0.821614 1.000000 0.290365
offset=(0.000000,0.000000)
startPause=0.000000
animParam=0.078000 10.333333 0.102865 0.156250 0.000000 0.300781 (0.000000,0.000000) 0.140000 0.000000 0.000000 0.000000 0.000000 1.000000 0.000000 0.322917 0.000000 0.665365 1.000000 0.196615
offset=(-20.000000,10.000000)
startPause=0.000000
animParam=0.110000 10.333333 0.092448 0.083000 10.300000 0.040365 (0.000000,0.000000) -0.090000 -0.000000 0.000000 0.000000 0.000000 1.000000 0.000000 0.125000 0.000000 0.300781 1.000000 0.779948
offset=(0.000000,0.000000)
startPause=0.000000
animParam=0.078000 10.333333 0.092448 0.156250 10.333333 0.040365 (0.000000,0.000000) 0.100000 0.000000 0.000000 0.000000 0.000000 1.000000 0.000000 0.156250 0.000000 0.623698 1.000000 0.488281