id=34927
type=2,randStartPhase=0
forceZeroStart=0
numSounds=0
numSprites=36
numSlots=0
offset=(0.000000,0.000000)
startPause=0.000000
animParam=0.000000 0.000000 0.000000 0.000000 0.000000 0.000000 (0.000000,0.000000) 0.000000 0.000000 0.000000 0.000000 0.000000 1.000000 0.000000 0.000000 0.000000 0.000000 1.000000 0.000000
offset=(0.000000,0.000000)
startPause=0.000000
animParam=0.000000 0.000000 0.000000 0.000000 0.000000 0.000000 (0.000000,0.000000) 0.000000 0.000000 0.000000 0.000000 0.000000 1.000000 0.000000 0.000000 0.000000 0.000000 1.000000 0.000000
offset=(0.000000,0.000000)
startPause=0.000000
animParam=0.000000 0.000000 0.000000 0.000000 0.000000 0.000000 (0.000000,0.000000) 0.000000 0.000000 0.000000 0.000000 0.000000 1.000000 0.000000 0.000000 0.000000 0.000000 1.000000 0.000000
offset=(0.000000,0.000000)
startPause=0.000000
animParam=0.000000 0.000000 0.000000 0.000000 0.000000 0.000000 (0.000000,0.000000) 0.000000 0.000000 0.000000 0.000000 0.000000 1.000000 0.000000 0.000000 0.000000 0.000000 1.000000 0.000000
offset=(0.000000,0.000000)
startPause=0.000000
animParam=0.000000 0.000000 0.000000 0.000000 0.000000 0.000000 (0.000000,0.000000) 0.000000 0.000000 0.000000 0.000000 0.000000 1.000000 0.000000 0.000000 0.000000 0.000000 1.000000 0.000000
offset=(0.000000,0.000000)
startPause=0.000000
animParam=0.000000 0.000000 0.000000 0.000000 0.000000 0.000000 (0.000000,0.000000) 0.000000 0.000000 0.000000 0.000000 0.000000 1.000000 0.000000 0.000000 0.000000 0.000000 1.000000 0.000000
offset=(0.000000,0.000000)
startPause=0.000000
animParam=0.000000 0.000000 0.000000 0.000000 0.000000 0.000000 (0.000000,0.000000) 0.000000 0.000000 0.000000 0.000000 0.000000 1.000000 0.000000 0.000000 0.000000 0.000000 1.000000 0.000000
offset=(0.000000,0.000000)
startPause=0.000000
animParam=0.000000 0.000000 0.000000 0.000000 0.000000 0.000000 (0.000000,0.000000) 0.000000 0.000000 0.000000 0.000000 0.000000 1.000000 0.000000 0.000000 0.000000 0.000000 1.000000 0.000000
offset=(0.000000,0.000000)
startPause=0.000000
animParam=0.000000 0.000000 0.000000 0.000000 0.000000 0.000000 (0.000000,0.000000) 0.000000 0.000000 0.000000 0.000000 0.000000 1.000000 0.000000 0.000000 0.000000 0.000000 1.000000 0.000000
offset=(0.000000,0.000000)
startPause=0.000000
animParam=0.000000 0.000000 0.000000 0.000000 0.000000 0.000000 (0.000000,0.000000) 0.000000 0.000000 0.000000 0.000000 0.000000 1.000000 0.000000 0.000000 0.000000 0.000000 0.000000 0.000000
offset=(0.000000,0.000000)
startPause=0.000000
animParam=0.110000 10.333333 0.092448 0.083000 10.300000 0.040365 (0.000000,0.000000) -0.120000 -0.000000 0.000000 0.000000 0.000000 1.000000 0.000000 0.322917 0.000000 0.529948 1.000000 0.821614
offset=(0.000000,0.000000)
startPause=0.000000
animParam=0.125000 10.300000 0.092000 0.112000 10.300000 0.040365 (0.000000,0.000000) 0.120000 0.000000 0.000000 0.000000 0.000000 1.000000 0.000000 0.406250 0.000000 0.613281 1.000000 0.071615
offset=(0.000000,0.000000)
startPause=0.000000
animParam=0.121000 10.333333 0.092448 0.156250 10.333333 0.040365 (0.000000,0.000000) 0.120000 0.000000 0.000000 0.000000 0.000000 1.000000 0.000000 0.272000 0.000000 0.582031 1.000000 0.571615
offset=(0.000000,0.000000)
startPause=0.000000
animParam=0.078000 10.333333 0.227865 0.156250 10.333333 0.582031 (0.000000,0.000000) -0.120000 -0.000000 0.000000 0.000000 0.000000 1.000000 0.000000 0.322917 0.000000 0.821614 1.000000 0.290365
offset=(0.000000,0.000000)
startPause=0.000000
animParam=0.078000 10.333333 0.561198 0.156250 10.333333 0.040365 (0.000000,0.000000) 0.120000 0.000000 0.000000 0.000000 0.000000 1.000000 0.000000 0.322917 0.000000 0.821614 1.000000 0.800781
offset=(0.000000,0.000000)
startPause=0.000000
animParam=0.078000 10.200000 0.280000 0.156000 10.000000 0.707031 (0.000000,0.000000) -0.140000 -0.000000 0.000000 0.000000 0.000000 1.000000 0.000000 0.322917 0.000000 0.665365 1.000000 0.290365
offset=(0.000000,0.000000)
startPause=0.000000
animParam=0.162000 5.000000 0.092448 0.054000 7.666667 0.040365 (0.000000,0.000000) -0.120000 -0.000000 0.000000 0.000000 0.000000 1.000000 0.000000 0.322917 0.000000 0.821614 1.000000 0.644531
offset=(0.000000,0.000000)
startPause=0.000000
animParam=0.078000 10.333333 0.102865 0.156250 0.000000 0.300781 (0.000000,0.000000) 0.140000 0.000000 0.000000 0.000000 0.000000 1.000000 0.000000 0.322917 0.000000 0.665365 1.000000 0.196615
offset=(-20.000000,10.000000)
startPause=0.000000
animParam=0.110000 10.333333 0.092448 0.083000 10.300000 0.040365 (0.000000,0.000000) -0.090000 -0.000000 0.000000 0.000000 0.000000 1.000000 0.000000 0.125000 0.000000 0.300781 1.000000 0.779948
offset=(20.000000,-10.000000)
startPause=0.000000
animParam=0.078000 10.333333 0.280000 0.156250 0.000000 0.707031 (0.000000,0.000000) -0.140000 -0.000000 0.000000 0.000000 0.000000 1.000000 0.000000 0.322917 0.000000 0.665365 1.000000 0.217448
offset=(0.000000,0.000000)
startPause=0.000000
animParam=0.078000 10.333333 0.092448 0.156250 10.333333 0.040365 (0.000000,0.000000) 0.100000 0.000000 0.000000 0.000000 0.000000 1.000000 0.000000 0.156250 0.000000 0.623698 1.000000 0.488281
offset=(0.000000,0.000000)
startPause=0.000000
animParam=0.078000 10.333333 0.092448 0.156250 20.000000 0.040000 (0.000000,0.000000) 0.120000 0.000000 0.000000 0.000000 0.000000 1.000000 0.000000 0.322917 0.000000 0.821614 1.000000 0.592448
offset=(0.000000,0.000000)
startPause=0.000000
animParam=0.052000 21.000000 0.092448 0.420000 0.200000 0.092448 (0.000000,0.000000) -0.130000 -0.000000 0.000000 0.000000 0.000000 1.000000 0.000000 0.322917 0.000000 0.644531 1.000000 0.811198
offset=(0.000000,0.000000)
startPause=0.000000
animParam=0.078000 10.333333 0.092000 0.156250 10.333333 0.040365 (0.000000,0.000000) 0.120000 0.000000 0.000000 0.000000 0.000000 1.000000 0.000000 0.322917 0.000000 0.821614 1.000000 0.165365
offset=(0.000000,0.000000)
startPause=0.000000
animParam=0.078000 10.333333 0.092448 0.156250 10.333333 0.040365 (0.000000,0.000000) 0.120000 0.000000 0.000000 0.000000 0.000000 1.000000 0.000000 0.322917 0.000000 0.821614 1.000000 0.759115
offset=(0.000000,0.000000)
startPause=0.000000
animParam=0.110000 10.333333 0.092448 0.083000 10.300000 0.040365 (0.000000,0.000000) -0.120000 -0.000000 0.000000 0.000000 0.000000 1.000000 0.000000 0.322917 0.000000 0.529948 1.000000 0.592000
offset=(-5.000000,-25.000000)
startPause=0.000000
animParam=0.052000 13.000000 0.321615 0.420000 0.200000 0.092448 (0.000000,0.000000) -0.130000 -0.000000 0.000000 0.000000 0.000000 1.000000 0.000000 0.322917 0.000000 0.644531 1.000000 0.352865
offset=(0.000000,0.000000)
startPause=0.000000
animParam=0.078000 10.333333 0.092448 0.156250 10.333333 0.040365 (0.000000,0.000000) 0.100000 0.000000 0.000000 0.000000 0.000000 1.000000 0.000000 0.156250 0.000000 0.623698 1.000000 0.311198
offset=(0.000000,0.000000)
startPause=0.000000
animParam=0.078000 10.333333 0.092448 0.156250 10.333333 0.040000 (0.000000,0.000000) 0.140000 0.000000 0.000000 0.000000 0.000000 1.000000 0.000000 0.239583 0.000000 0.602865 1.000000 0.748698
offset=(0.000000,0.000000)
startPause=0.000000
animParam=0.078000 10.333333 0.092448 0.156250 10.333333 0.040365 (0.000000,0.000000) -0.120000 -0.000000 0.000000 0.000000 0.000000 1.000000 0.000000 0.322917 0.000000 0.821614 1.000000 0.248698
offset=(0.000000,0.000000)
startPause=0.000000
animParam=0.078000 10.333333 0.092448 0.156250 10.333333 0.040365 (0.000000,0.000000) 0.110000 0.000000 0.000000 0.000000 0.000000 1.000000 0.000000 0.322917 0.000000 0.644531 1.000000 0.467448
offset=(0.000000,0.000000)
startPause=0.000000
animParam=0.078000 10.333333 0.092448 0.156250 10.333333 0.040365 (0.000000,0.000000) 0.100000 0.000000 0.000000 0.000000 0.000000 1.000000 0.000000 0.072917 0.000000 0.790364 1.000000 0.165365
offset=(0.000000,0.000000)
startPause=0.000000
animParam=0.052000 13.000000 0.321615 0.420000 0.200000 0.092448 (0.000000,0.000000) -0.130000 -0.000000 0.000000 0.000000 0.000000 1.000000 0.000000 0.322917 0.000000 0.644531 1.000000 0.852865
offset=(0.000000,0.000000)
startPause=0.000000
animParam=0.078000 10.300000 0.092448 0.156250 10.333333 0.696615 (0.000000,0.000000) 0.110000 0.000000 0.000000 0.000000 0.000000 1.000000 0.000000 0.406250 0.000000 0.707031 1.000000 0.321615
offset=(0.000000,0.000000)
startPause=0.000000
animParam=0.078000 10.333333 0.092448 0.156250 10.333333 0.040365 (0.000000,0.000000) 0.110000 0.000000 0.000000 0.000000 0.000000 1.000000 0.000000 0.072917 0.000000 0.529948 1.000000 0.675781
offset=(0.000000,0.000000)
startPause=0.000000
animParam=0.052000 10.333333 0.665365 0.102000 10.333333 0.207000 (0.000000,0.000000) -0.110000 -0.000000 0.000000 0.000000 0.000000 1.000000 0.000000 0.310000 0.000000 0.717448 1.000000 0.248698