id=34936
type=0,randStartPhase=0
forceZeroStart=0
numSounds=0
numSprites=44
numSlots=0
offset=(0.000000,0.000000)
startPause=0.000000
animParam=0.000000 0.000000 0.000000 0.000000 0.000000 0.000000 (0.000000,0.000000) 0.000000 0.000000 0.000000 0.000000 0.000000 1.000000 0.000000 0.000000 0.000000 0.000000 1.000000 0.000000
offset=(0.000000,0.000000)
startPause=0.000000
animParam=0.000000 0.000000 0.000000 0.000000 0.000000 0.000000 (0.000000,0.000000) 0.000000 0.000000 0.000000 0.000000 0.000000 1.000000 0.000000 0.300000 0.000000 0.322917 1.000000 0.000000
offset=(10.000000,0.000000)
startPause=0.100000
animParam=1.000000 20.000000 0.750000 1.000000 20.000000 0.000000 (-10.000000,0.000000) -1.500000 -0.000000 0.000000 0.000000 0.000000 1.000000 0.000000 0.600000 0.000000 0.000000 1.000000 0.770833
offset=(-10.000000,0.000000)
startPause=0.100000
animParam=1.000000 20.000000 0.250000 1.000000 20.000000 0.000000 (10.000000,0.000000) -1.200000 -0.000000 0.000000 0.000000 0.000000 1.000000 0.000000 0.300000 0.000000 0.000000 1.000000 0.770833
offset=(0.000000,25.000000)
startPause=0.000000
animParam=0.000000 0.000000 0.000000 3.000000 50.666667 0.333000 (0.000000,0.000000) 0.000000 0.000000 0.000000 0.000000 0.000000 1.000000 0.000000 3.000000 0.802083 0.000000 1.000000 0.333000
offset=(0.000000,25.000000)
startPause=0.000000
animParam=0.000000 0.000000 0.000000 3.000000 50.666667 0.000000 (0.000000,0.000000) 0.000000 0.000000 0.000000 0.000000 0.000000 1.000000 0.000000 3.000000 0.802083 0.000000 1.000000 0.000000
offset=(0.000000,25.000000)
startPause=0.000000
animParam=0.000000 0.000000 0.000000 3.000000 50.666667 0.660000 (0.000000,0.000000) 0.000000 0.000000 0.000000 0.000000 0.000000 1.000000 0.000000 3.000000 0.802083 0.000000 1.000000 0.660000
offset=(0.000000,25.000000)
startPause=0.000000
animParam=0.000000 0.000000 0.000000 3.000000 50.666667 0.333000 (0.000000,0.000000) 0.000000 0.000000 0.000000 0.000000 0.000000 1.000000 0.000000 3.000000 0.802083 0.000000 1.000000 0.330000
offset=(-5.000000,0.000000)
startPause=0.200000
animParam=1.000000 10.000000 0.250000 1.000000 20.000000 0.000000 (10.000000,0.000000) -1.500000 -0.000000 0.000000 0.000000 0.000000 1.000000 0.000000 0.700000 0.000000 0.000000 1.000000 0.770833
offset=(0.000000,25.000000)
startPause=0.000000
animParam=0.000000 0.000000 0.000000 3.000000 50.666667 0.660000 (0.000000,0.000000) 0.000000 0.000000 0.000000 0.000000 0.000000 1.000000 0.000000 3.000000 0.802083 0.000000 1.000000 0.660000
offset=(0.000000,25.000000)
startPause=0.000000
animParam=0.000000 0.000000 0.000000 3.000000 50.666667 0.000000 (0.000000,0.000000) 0.000000 0.000000 0.000000 0.000000 0.000000 1.000000 0.000000 3.000000 0.802083 0.000000 1.000000 0.000000
offset=(-7.000000,0.000000)
startPause=0.000000
animParam=1.000000 15.000000 0.250000 1.000000 20.000000 0.000000 (10.000000,0.000000) -1.800000 -0.000000 0.000000 0.000000 0.000000 1.000000 0.000000 0.200000 0.000000 0.000000 1.000000 0.770833
offset=(7.000000,0.000000)
startPause=0.000000
animParam=1.000000 15.000000 0.750000 1.000000 20.000000 0.000000 (-10.000000,0.000000) -1.200000 -0.000000 0.000000 0.000000 0.000000 1.000000 0.000000 0.400000 0.000000 0.000000 1.000000 0.770833
offset=(7.000000,0.000000)
startPause=0.000000
animParam=1.000000 15.000000 0.750000 1.000000 20.000000 0.000000 (-10.000000,0.000000) -1.200000 -0.000000 0.000000 0.000000 0.000000 1.000000 0.000000 0.500000 0.000000 0.000000 1.000000 0.770833
offset=(0.000000,0.000000)
startPause=0.000000
animParam=0.000000 0.000000 0.000000 1.000000 70.000000 0.950000 (0.000000,0.000000) 0.000000 0.000000 3.000000 0.010000 0.950000 1.000000 0.000000 1.000000 0.000000 0.000000 1.000000 0.950000
offset=(0.000000,0.000000)
startPause=0.000000
animParam=0.000000 0.000000 0.000000 1.000000 70.000000 0.900000 (0.000000,0.000000) 0.000000 0.000000 3.000000 0.010000 0.900000 1.000000 0.000000 1.000000 0.000000 0.000000 1.000000 0.900000
offset=(0.000000,0.000000)
startPause=0.000000
animParam=0.000000 0.000000 0.000000 1.000000 70.000000 0.850000 (0.000000,0.000000) 0.000000 0.000000 3.000000 0.010000 0.850000 1.000000 0.000000 1.000000 0.000000 0.000000 1.000000 0.850000
offset=(0.000000,0.000000)
startPause=0.000000
animParam=0.000000 0.000000 0.000000 1.000000 70.000000 0.800000 (0.000000,0.000000) 0.000000 0.000000 3.000000 0.010000 0.800000 1.000000 0.000000 1.000000 0.000000 0.000000 1.000000 0.800000
offset=(0.000000,0.000000)
startPause=0.000000
animParam=0.000000 0.000000 0.000000 1.000000 70.000000 0.750000 (0.000000,0.000000) 0.000000 0.000000 3.000000 0.010000 0.780000 1.000000 0.000000 1.000000 0.000000 0.000000 1.000000 0.750000
offset=(0.000000,0.000000)
startPause=0.000000
animParam=0.000000 0.000000 0.000000 1.000000 70.000000 0.700000 (0.000000,0.000000) 0.000000 0.000000 3.000000 0.010000 0.700000 1.000000 0.000000 1.000000 0.000000 0.000000 1.000000 0.700000
offset=(0.000000,0.000000)
startPause=0.000000
animParam=0.000000 0.000000 0.000000 1.000000 70.000000 0.650000 (0.000000,0.000000) 0.000000 0.000000 3.000000 0.010000 0.650000 1.000000 0.000000 1.000000 0.000000 0.000000 1.000000 0.650000
offset=(0.000000,0.000000)
startPause=0.000000
animParam=0.000000 0.000000 0.000000 1.000000 70.000000 0.600000 (0.000000,0.000000) 0.000000 0.000000 3.000000 0.010000 0.600000 1.000000 0.000000 1.000000 0.000000 0.000000 1.000000 0.600000
offset=(0.000000,0.000000)
startPause=0.000000
animParam=0.000000 0.000000 0.000000 1.000000 70.000000 0.550000 (0.000000,0.000000) 0.000000 0.000000 3.000000 0.010000 0.550000 1.000000 0.000000 1.000000 0.000000 0.000000 1.000000 0.550000
offset=(0.000000,0.000000)
startPause=0.000000
animParam=0.000000 0.000000 0.000000 1.000000 70.000000 0.500000 (0.000000,0.000000) 0.000000 0.000000 3.000000 0.010000 0.500000 1.000000 0.000000 1.000000 0.000000 0.000000 1.000000 0.500000
offset=(0.000000,0.000000)
startPause=0.000000
animParam=0.000000 0.000000 0.000000 1.000000 70.000000 0.450000 (0.000000,0.000000) 0.000000 0.000000 3.000000 0.010000 0.450000 1.000000 0.000000 1.000000 0.000000 0.000000 1.000000 0.450000
offset=(0.000000,0.000000)
startPause=0.000000
animParam=0.000000 0.000000 0.000000 1.000000 70.000000 0.400000 (0.000000,0.000000) 0.000000 0.000000 3.000000 0.010000 0.400000 1.000000 0.000000 1.000000 0.000000 0.000000 1.000000 0.400000
offset=(0.000000,25.000000)
startPause=0.000000
animParam=0.000000 0.000000 0.000000 3.000000 50.666667 0.330000 (0.000000,0.000000) 0.000000 0.000000 0.000000 0.000000 0.000000 1.000000 0.000000 3.000000 0.802083 0.000000 1.000000 0.330000
offset=(0.000000,25.000000)
startPause=0.000000
animParam=0.000000 0.000000 0.000000 3.000000 50.666667 0.000000 (0.000000,0.000000) 0.000000 0.000000 0.000000 0.000000 0.000000 1.000000 0.000000 3.000000 0.802083 0.000000 1.000000 0.000000
offset=(0.000000,25.000000)
startPause=0.000000
animParam=0.000000 0.000000 0.000000 3.000000 50.666667 0.660000 (0.000000,0.000000) 0.000000 0.000000 0.000000 0.000000 0.000000 1.000000 0.000000 3.000000 0.802083 0.000000 1.000000 0.660000
offset=(-7.000000,0.000000)
startPause=0.000000
animParam=1.000000 15.000000 0.250000 1.000000 20.000000 0.000000 (10.000000,0.000000) -1.800000 -0.000000 0.000000 0.000000 0.000000 1.000000 0.000000 0.700000 0.000000 0.000000 1.000000 0.770833
offset=(-10.000000,0.000000)
startPause=0.100000
animParam=1.000000 20.000000 0.250000 1.000000 20.000000 0.000000 (10.000000,0.000000) -1.200000 -0.000000 0.000000 0.000000 0.000000 1.000000 0.000000 0.600000 0.000000 0.000000 1.000000 0.770833
offset=(-5.000000,0.000000)
startPause=0.200000
animParam=1.000000 10.000000 0.250000 1.000000 20.000000 0.000000 (10.000000,-10.000000) -1.500000 -0.000000 0.000000 0.000000 0.000000 1.000000 0.000000 0.500000 0.000000 0.000000 1.000000 0.770833
offset=(7.000000,0.000000)
startPause=0.000000
animParam=1.000000 15.000000 0.750000 1.000000 20.000000 0.000000 (-10.000000,0.000000) -1.200000 -0.000000 0.000000 0.000000 0.000000 1.000000 0.000000 0.400000 0.000000 0.000000 1.000000 0.770833
offset=(5.000000,0.000000)
startPause=0.200000
animParam=1.000000 10.000000 0.750000 1.000000 20.000000 0.000000 (-10.000000,-10.000000) -1.800000 -0.000000 0.000000 0.000000 0.000000 1.000000 0.000000 0.200000 0.000000 0.000000 1.000000 0.770833
offset=(10.000000,0.000000)
startPause=0.100000
animParam=1.000000 20.000000 0.750000 1.000000 20.000000 0.000000 (-10.000000,-20.000000) -1.500000 -0.000000 0.000000 0.000000 0.000000 1.000000 0.000000 0.300000 0.000000 0.000000 1.000000 0.770833
offset=(0.000000,0.000000)
startPause=0.000000
animParam=0.000000 0.000000 0.000000 1.000000 70.000000 0.150000 (0.000000,-20.000000) -1.000000 -0.000000 0.000000 0.000000 0.000000 1.000000 0.000000 1.000000 0.292000 0.000000 1.000000 0.120000
offset=(0.000000,0.000000)
startPause=0.000000
animParam=0.000000 0.000000 0.000000 1.000000 70.000000 0.150000 (0.000000,0.000000) 1.000000 0.000000 0.000000 0.000000 0.000000 1.000000 0.000000 1.000000 0.291667 0.000000 1.000000 0.120000
offset=(0.000000,0.000000)
startPause=0.000000
animParam=0.000000 0.000000 0.000000 1.000000 70.000000 0.350000 (0.000000,0.000000) 0.000000 0.000000 3.000000 0.010000 0.350000 1.000000 0.000000 1.000000 0.000000 0.000000 1.000000 0.350000
offset=(0.000000,0.000000)
startPause=0.000000
animParam=0.000000 0.000000 0.000000 1.000000 70.000000 0.300000 (0.000000,0.000000) 0.000000 0.000000 3.000000 0.010000 0.300000 1.000000 0.000000 1.000000 0.000000 0.000000 1.000000 0.300000
offset=(0.000000,0.000000)
startPause=0.000000
animParam=0.000000 0.000000 0.000000 1.000000 70.000000 0.250000 (0.000000,0.000000) 0.000000 0.000000 3.000000 0.010000 0.250000 1.000000 0.000000 1.000000 0.000000 0.000000 1.000000 0.250000
offset=(0.000000,0.000000)
startPause=0.000000
animParam=0.000000 0.000000 0.000000 1.000000 70.000000 0.200000 (0.000000,0.000000) 0.000000 0.000000 3.000000 0.010000 0.200000 1.000000 0.000000 1.000000 0.000000 0.000000 1.000000 0.200000
offset=(0.000000,0.000000)
startPause=0.000000
animParam=0.000000 0.000000 0.000000 1.000000 70.000000 0.150000 (0.000000,0.000000) 0.000000 0.000000 3.000000 0.010000 0.150000 1.000000 0.000000 1.000000 0.000000 0.000000 1.000000 0.150000
offset=(0.000000,0.000000)
startPause=0.000000
animParam=0.000000 0.000000 0.000000 1.000000 70.000000 0.100000 (0.000000,0.000000) 0.000000 0.000000 3.000000 0.010000 0.100000 1.000000 0.000000 1.000000 0.000000 0.000000 1.000000 0.100000
offset=(0.000000,0.000000)
startPause=0.000000
animParam=0.000000 0.000000 0.000000 1.000000 70.000000 0.050000 (0.000000,0.000000) 0.000000 0.000000 3.000000 0.010000 0.050000 1.000000 0.000000 1.000000 0.000000 0.000000 1.000000 0.050000