id=35159
type=2,randStartPhase=0
forceZeroStart=0
numSounds=0
numSprites=16
numSlots=0
offset=(0.000000,0.000000)
startPause=0.000000
animParam=0.000000 0.000000 0.000000 0.000000 0.000000 0.000000 (-6.000000,12.000000) 0.000000 0.000000 0.000000 0.000000 0.000000 1.000000 0.000000 0.000000 0.000000 0.000000 0.000000 0.000000
offset=(0.000000,0.000000)
startPause=0.000000
animParam=0.000000 0.000000 0.000000 0.000000 0.000000 0.000000 (0.000000,0.000000) 0.000000 0.000000 0.000000 0.000000 0.000000 1.000000 0.000000 0.000000 0.000000 0.000000 0.000000 0.000000
offset=(0.000170,0.000170)
startPause=0.000000
animParam=0.000000 0.000000 0.000000 1.500000 2.000000 0.500000 (0.000000,0.000000) 0.000000 0.854167 1.500000 0.020833 0.500000 1.000000 0.000000 0.000000 0.000000 0.000000 1.000000 0.000000
offset=(0.000170,0.000170)
startPause=0.000000
animParam=0.750000 8.000000 0.000000 0.750000 8.000000 0.500000 (0.000000,0.000000) 0.000000 1.000000 0.750000 0.114583 0.500000 1.000000 0.000000 0.000000 0.000000 0.000000 1.000000 0.000000
offset=(0.000000,5.565217)
startPause=0.000000
animParam=8.000000 1.000000 0.000000 0.000000 0.000000 0.000000 (0.000000,0.000000) 0.000000 0.000000 0.000000 0.000000 0.000000 1.000000 0.000000 0.000000 0.000000 0.000000 1.000000 0.000000
offset=(0.000000,3.600000)
startPause=0.000000
animParam=8.000000 1.000000 0.000000 0.000000 0.000000 0.000000 (-176.000000,-12.000000) 0.000000 0.000000 0.000000 0.000000 0.000000 1.000000 0.000000 0.000000 0.000000 0.000000 1.000000 0.000000
offset=(0.000000,5.600000)
startPause=0.000000
animParam=0.000000 0.000000 0.000000 1.500000 3.000000 0.000000 (0.000000,0.000000) 8.000000 0.000000 0.000000 0.000000 0.000000 1.000000 0.000000 0.000000 0.000000 0.000000 1.000000 0.000000
offset=(0.000000,5.565217)
startPause=0.000000
animParam=0.000000 0.000000 0.000000 1.500000 3.000000 0.000000 (0.000000,0.000000) 8.000000 0.000000 0.000000 0.000000 0.000000 1.000000 0.000000 0.000000 0.000000 0.000000 1.000000 0.000000
offset=(0.000000,5.565217)
startPause=0.000000
animParam=0.000000 0.000000 0.000000 1.500000 2.000000 0.000000 (0.000000,0.000000) 0.000000 0.000000 0.000000 0.000000 0.000000 1.000000 0.000000 0.000000 0.000000 0.000000 1.000000 0.000000
offset=(0.000000,5.565217)
startPause=0.000000
animParam=0.000000 0.000000 0.000000 1.500000 2.000000 0.000000 (0.000000,0.000000) 0.000000 0.000000 0.000000 0.000000 0.000000 1.000000 0.000000 0.000000 0.000000 0.000000 1.000000 0.000000
offset=(0.000000,0.000000)
startPause=0.000000
animParam=0.000000 0.000000 0.000000 0.000000 0.000000 0.000000 (5.000000,18.000000) 0.000000 0.000000 0.000000 0.000000 0.000000 1.000000 0.000000 0.000000 0.000000 0.000000 0.000000 0.000000
offset=(0.000000,0.000000)
startPause=0.000000
animParam=0.000000 0.000000 0.000000 0.000000 0.000000 0.000000 (0.000000,0.000000) 0.000000 0.000000 0.000000 0.000000 0.000000 1.000000 0.000000 0.000000 0.000000 0.000000 0.000000 0.000000
offset=(0.000170,0.000170)
startPause=0.000000
animParam=0.000000 0.000000 0.000000 0.000000 0.000000 0.000000 (0.000000,0.000000) 0.000000 0.218750 1.500000 0.031250 0.000000 1.000000 0.000000 0.000000 0.000000 0.000000 0.989583 0.000000
offset=(0.000000,0.000000)
startPause=0.000000
animParam=0.000000 0.000000 0.000000 0.000000 0.000000 0.000000 (0.000000,0.000000) 0.000000 0.958333 0.750000 0.000000 0.000000 1.000000 0.000000 0.000000 0.000000 0.000000 1.000000 0.000000
offset=(0.000170,0.000000)
startPause=0.000000
animParam=0.000000 0.000000 0.000000 0.000000 0.000000 0.000000 (0.000000,0.000000) 0.000000 0.062500 0.375000 0.041667 1.000000 1.000000 0.000000 0.000000 0.000000 0.000000 1.000000 0.000000
offset=(0.000000,0.000000)
startPause=0.000000
animParam=0.000000 0.000000 0.000000 0.000000 0.000000 0.000000 (-7.000000,3.000000) 0.000000 0.020833 0.750000 0.052083 0.697917 1.000000 0.000000 0.000000 0.000000 0.000000 1.000000 0.000000